grey 140351.929514 0.000000 0.280704 0.000000
orange 38117361452.410599 47870000000.000000 -39583.277095 47870.000000
blue 102542081545.585938 35020000000.000000 -11335.836909 35020.000000
green 146634458924.204834 29760000000.000000 -5931.082152 29760.000000
red 226662746521.094055 24130000000.000000 -2554.506958 24130.000000
yellow 778300506537.275879 13070000000.000000 -218.986925 13070.000000
white 1429367366106.353760 9670000000.000000 -65.267787 9670.000000
grey 558976.581219 10408.185537 0.556545 0.020816
orange -12506936434.519577 81873752294.639221 -61665.318679 20137.504589
blue 85857047894.409485 68213047584.462227 -22034.230394 31366.095169
green 137798024770.279144 58930334495.695480 -11741.786156 28580.668991
red 222838203297.951660 48124774422.238739 -5094.579488 23859.548844
yellow 777972041619.888672 26138160593.503864 -437.942909 13066.321187
white 1429269465208.884277 19339781027.057285 -130.534008 9669.562054
grey 1248233.038812 48432.650226 0.821967 0.055233
orange -72710996625.937073 92446769054.226639 -58742.801704 1008.528930
blue 59501284824.531410 96145492337.425568 -30677.295746 24498.794337
green 123339418578.254623 86349085535.666122 -17175.426228 26256.833089
red 216495545171.662018 71714740813.011307 -7590.736764 23320.383937
yellow 777424667145.661865 39200803228.605339 -656.806039 13058.964083
white 1429106300441.296387 29008905137.625107 -195.795528 9668.686167
grey 2197726.664797 125727.191977 1.077020 0.099357
orange -128487561094.182419 89684143236.696945 -52810.327232 -6533.780565
blue 26092137621.407070 116229611127.326355 -36140.998660 15669.443243
green 103765594863.183350 110926710140.852081 -21972.221202 22898.416122
red 207693669615.587708 94633860922.318817 -10013.014348 22517.856282
yellow 776658506935.833252 52254250399.456352 -875.514381 13047.930259
white 1428877878070.115723 38676934399.967941 -261.049215 9667.372358
grey 3396793.462528 250265.597121 1.321114 0.149720
orange -179081155850.561218 81603179578.919479 -48376.862280 -9628.146751
blue -11073129903.591633 127335285635.551239 -38189.536390 6541.905774
green 79828293220.128845 131724244934.578583 -25902.382084 18696.653466
red 196521395559.455078 116623409887.670135 -12331.533764 21461.241649
yellow 775673746747.898560 65294826698.415161 -1094.005995 13033.222339
white 1428584207492.886230 48343430908.672951 -326.291940 9665.620660
grey 4834989.638210 426494.815105 1.555279 0.202738
orange -225898523193.849884 71264461715.744720 -45257.872406 -11049.288976
blue -48910462533.231659 129829821132.409561 -37485.128869 -1552.834780
green 52476070788.957321 148028213004.601349 -28802.062779 13911.282674
red 183097037716.938812 137435994921.995209 -14517.181921 20163.928419
yellow 774470634272.287231 78318859875.609573 -1312.218956 13014.844015
white 1428225301235.756348 58007956799.608627 -391.520575 9663.431122
grey 6503462.157801 655953.735116 1.781667 0.256180
orange -270028262432.262939 59859315888.063248 -43001.606071 -11761.002680
blue -85179754985.646332 125050268782.688568 -35053.456036 -8006.269920
green 22775110236.664780 159403252891.299774 -30599.858326 8838.797099
red 167567260728.058807 156839683266.985352 -16542.372057 18643.448270
yellow 773049479115.066650 91322681903.159531 -1530.091359 12992.800040
white 1427801174950.677490 67670074265.228676 -456.731996 9660.803809
grey 8395511.789827 938628.488678 2.002433 0.309170
orange -312182783593.029724 47910559311.229294 -41307.436251 -12136.510474
blue -118600941848.323654 114648061734.152954 -31788.917690 -12798.144178
green -8186607821.619499 165707894769.368195 -31323.577791 3770.486657
red 150105153010.811096 174622068916.158112 -18381.843378 16921.323028
yellow 771410652766.350342 104302630041.621857 -1747.561339 12967.096237
white 1427311847412.290771 77329345570.097473 -521.923081 9657.738801
grey 10506358.168646 1274020.126449 2.219260 0.361613
orange -352832536737.000061 35673134105.300690 -39992.070037 -12338.339938
blue -148636066175.645264 100154812020.014053 -28281.330965 -16188.355251
green -39390981667.498756 167070094045.410522 -31085.169901 -1046.088105
red 130907507988.041885 190594087002.924713 -20013.446668 15022.713146
yellow 769554588552.660522 117255047907.258347 -1964.567089 12937.739494
white 1426757340514.439453 86985333066.557022 -587.090714 9654.236192
grey 12832665.945410 1661701.939575 2.433356 0.413750
orange -392299507398.535217 23281719191.894283 -38941.871286 -12444.489889
blue -175203986697.475769 82812083378.681580 -24854.510079 -18497.102032
green -69958991321.490631 163831561932.918457 -30050.849407 -5430.976120
red 110191355553.985931 204593378537.682037 -21418.858200 12975.869924
yellow 767481781571.570068 130176286539.671402 -2181.046874 12904.737770
white 1426137679266.211670 96637599210.530579 -652.231782 9650.296096
grey 15372130.632911 2101547.155872 2.645574 0.465940
orange -430812353807.374939 10811780112.217033 -38083.821532 -12495.388270
blue -198460720679.950500 63559897294.793823 -21658.957886 -20007.270136
green -99188324427.036530 156477318011.593323 -28407.816804 -9277.511723
red 88189843812.943054 216487019690.744263 -22584.165282 10811.412382
yellow 765192788607.593018 143062705469.706268 -2396.939054 12868.100090
white 1425452891787.461670 106285706577.498260 -717.343175 9645.918638
grey 18123176.721031 2593807.587505 2.856518 0.518581
orange -468538880970.128845 -1692565150.783474 -37369.232794 -12513.302256
blue -218664247830.514954 43086595699.755722 -18748.096415 -20939.333054
green -126560734955.649887 145566776895.070435 -26337.004253 -12543.570510
red 65147623848.535271 226173459850.296448 -23500.274647 8561.467937
yellow 762688228028.782837 155910673787.533813 -2612.182103 12827.836546
white 1424703009303.794434 115929217878.687759 -782.421792 9641.103964
grey 21084739.403325 3139132.299695 3.066607 0.572069
orange -505605758842.749817 -14204767131.206762 -36764.522951 -12511.101705
blue -236101444127.865936 21889024974.306591 -16126.296180 -21455.808397
green -151727266927.489410 131677266806.089523 -23996.059691 -15235.449668
red 41315931965.681267 233583559216.172455 -24163.109119 6258.730795
yellow 759968779663.764160 168716571210.751923 -2826.714627 12783.958300
white 1423888066141.028320 125567695977.518692 -847.464534 9635.852234
grey 24256100.266162 3738558.246972 3.276115 0.626783
orange -542110933817.284180 -26708575837.899612 -36245.826998 -12496.515708
blue -251052412964.773315 324301864.643364 -13775.641494 -21673.637823
green -174481352482.302734 115364204080.740723 -21512.111419 -17390.675783
red 16947588940.058907 238680675039.031464 -24573.576932 3935.500851
yellow 757035184659.052124 181476789152.269012 -3040.475383 12736.477583
white 1423008099719.164795 135200703906.332474 -912.468310 9630.163624
grey 27636760.718130 4393484.089165 3.485206 0.683069
orange -578131715951.650391 -39193998360.391075 -35795.737271 -12474.329337
blue -263775136284.629364 -21350660171.599857 -11669.805146 -21676.286250
green -194728161253.564514 97137122616.345657 -18981.506124 -19063.487146
red -7707859039.899582 241459809121.662140 -24737.319028 1622.767314
yellow 753888245316.575073 194187731787.675781 -3253.403302 12685.407688
white 1422063150545.901367 144827804883.432617 -977.430036 9624.038330
grey 31226345.186083 5105633.508507 3.693963 0.741230
orange -613730216531.044189 -51654951218.513535 -35401.263888 -12447.576379
blue -274500452562.609222 -42950472816.337906 -9780.827410 -21523.339040
green -212455621062.821228 77448227177.514496 -16473.413495 -20314.303732
red -32408648295.722931 241945890376.696045 -24664.259484 -650.604804
yellow 750528824911.352417 206845817121.769623 -3465.437508 12630.762980
white 1421053262209.731689 154448562330.453857 -1042.346636 9617.476564
grey 35024529.004602 5877013.328562 3.902405 0.801529
orange -648957107672.888184 -64087847044.941383 -35052.518396 -12418.215273
blue -283431960319.012573 -64340906466.286697 -8082.188102 -21257.528260
green -227709788373.807678 56689583083.525902 -14034.921127 -21202.984456
red -56924778116.049744 240191318111.763794 -24368.000157 -2858.539725
yellow 746957847489.291382 219447478053.866028 -3676.517336 12572.558884
white 1419978481372.677979 164062539890.072235 -1107.215038 9610.478555
grey 39030986.542299 6709870.776295 4.110510 0.864185
orange -683854286892.868530 -76490717869.392090 -34741.840044 -12387.526376
blue -290748060358.391113 -85424522086.048035 -6550.011976 -20909.702979
green -240575337902.379425 35195572005.516533 -11696.177930 -21785.037700
red -81041333473.575897 236272929037.881317 -23865.110559 -4978.238422
yellow 743176297645.074341 231989163441.510773 -3886.582353 12510.811891
white 1418838857762.701904 173669301444.062653 -1172.032182 9603.044553
grey 43245355.307449 7606652.926098 4.318227 0.929379
orange -718456807439.464722 -88862657486.339722 -34463.201049 -12356.352858
blue -296604751290.438232 -106130522768.312103 -5163.369888 -20502.298385
green -251160871486.483154 13248121020.773670 -9474.889238 -22109.864270
red -104561072427.238831 230288571007.111969 -23174.367349 -6990.477639
yellow 739185220280.109619 244467339162.192505 -4095.572377 12445.539550
white 1417634444165.842529 183268411131.705627 -1236.795012 9595.174823
grey 47667212.164269 8569970.073447 4.525486 0.997255
orange -752794304231.860962 -101203459299.045273 -34211.792536 -12325.250767
blue -301138519871.642822 -126407547314.559647 -3904.167275 -20051.750707
green -259588284845.033356 -8916944932.173756 -7379.937479 -22220.267636
red -127306253515.920914 222353469094.390533 -22315.994829 -8879.726186
yellow 734985720340.520630 256878489172.645477 -4303.427502 12376.760471
white 1416365296418.121582 192859433368.540436 -1301.500483 9586.869651
grey 52296058.388390 9602563.767726 4.732206 1.067932
orange -786892065673.248047 -113513377028.102463 -33983.730347 -12294.584691
blue -304469036369.599731 -146218514454.392944 -2756.865721 -19570.183572
green -265985328484.375580 -31103419062.839958 -5414.149800 -22152.680625
red -149119725958.551910 212596557069.277496 -21310.950057 -10634.097864
yellow 730578962535.148682 269219116565.325897 -4510.088109 12304.494315
white 1415031473397.262939 202441932865.458405 -1366.145558 9578.129343
grey 57131310.961559 10707279.553920 4.938299 1.141500
orange -820771851936.180542 -125792964376.705383 -33775.842179 -12264.590006
blue -306701547699.427307 -165536902761.044342 -1708.156938 -19066.593041
green -270480572449.479523 -53148633252.914749 -3576.338130 -21937.747755
red -169865343690.760468 201156923345.264404 -20180.285408 -12245.169584
yellow 725966171033.550659 281485744621.640686 -4715.494894 12228.761798
white 1413633037014.263672 212015474648.126984 -1430.727208 9568.954223
grey 62172298.137815 11887044.083467 5.143675 1.218029
orange -854452528515.098145 -138042966419.303009 -33585.510979 -12235.414079
blue -307928948274.770935 -184344042787.199615 -746.644212 -18547.687011
green -273200122884.426971 -74918029218.045166 -1862.762739 -21601.044175
red -189427791178.563416 188180489614.466644 -18944.609568 -13707.697878
yellow 721148629143.976440 293674917861.503540 -4919.588885 12149.584682
white 1412170052204.854492 221579624076.732635 -1495.242411 9559.344635
grey 67418257.847456 13144846.073118 5.348244 1.297575
orange -887950563011.933716 -150264245440.442566 -33410.558015 -12207.143963
blue -308233547464.411133 -202627128808.024536 137.445833 -18018.485030
green -274265583944.033600 -96300455209.674744 -268.159380 -21163.807808
red -207711924327.542358 173817006911.000122 -17623.656730 -15019.267529
yellow 716127678971.317871 305783203088.791443 -5122.311460 12066.985773
white 1410642586920.883057 231133946866.028168 -1559.688157 9549.300944
grey 72868337.925690 14483720.540312 5.551916 1.380174
orange -921280419191.182739 -162457730049.229584 -33249.154344 -12179.825254
blue -307688567517.057800 -220377746710.071228 952.514062 -17482.750774
green -273792886641.344543 -117204169920.836639 1213.553985 -20643.621614
red -224641734807.304230 158217421418.254944 -16235.964229 -16179.903456
yellow 710904721055.029907 317807190432.271423 -5323.604372 11980.988914
white 1409050712121.653320 240678009105.668488 -1624.061442 9538.823535
grey 78521597.468208 15906735.766832 5.754603 1.465856
orange -954454872846.641724 -174624380212.464661 -33099.752967 -12153.475072
blue -306359409240.720642 -237590775440.633667 1705.802491 -16943.306687
green -271891709313.246185 -137553490075.400360 2588.800671 -20055.018695
red -240159042753.426575 141531633541.109314 -14798.651663 -17191.672298
yellow 705481213987.033325 329743494381.566406 -5523.409764 11891.618984
white 1407394501765.247070 250211377280.817291 -1688.359271 9527.912815
grey 84377008.844253 17416982.501107 5.956220 1.554637
orange -987485267437.404907 -186765163287.050354 -32961.036215 -12128.091077
blue -304304720913.130432 -254263561227.487244 2403.574164 -16402.264886
green -268665293240.213837 -157286000957.101257 3864.031475 -19410.003068
red -254222013465.176727 123906650122.057983 -13327.289761 -18058.294540
yellow 699858674009.617676 341588754817.727173 -5721.670191 11798.901888
white 1405674032799.854004 259733618293.005768 -1752.578660 9516.569209
grey 90433460.058589 19017564.980467 6.156683 1.646528
orange -1020381722810.515625 -198881037716.528015 -32831.874532 -12103.657782
blue -301577302015.267700 -270395292682.144562 3051.263632 -15861.198023
green -264210515332.975830 -176350247180.208252 5045.524339 -18718.489378
red -266803580709.701355 105485111755.834518 -11835.844728 -18784.782192
yellow 694038674593.375000 353339638037.975647 -5918.328641 11702.864552
white 1403889385155.132080 269244299481.223877 -1816.716630 9504.793167
grey 96689757.264658 20711593.425222 6.355912 1.741529
orange -1053153307009.365723 -210972942102.918915 -32711.293866 -12080.150991
blue -298224868956.611328 -285986525051.229614 3653.602486 -15321.266715
green -258618122082.668121 -194703826675.786163 6139.262161 -17988.669613
red -277889844578.215881 86404164788.836716 -10336.683009 -19377.111742
yellow 688022845995.204834 364992837774.184082 -6113.328555 11603.534920
white 1402040641733.617920 278742988643.223755 -1880.770213 9492.585157
grey 103144627.306244 22502177.720324 6.553828 1.839639
orange -1085808178761.582886 -223041788066.128662 -32598.449638 -12057.540936
blue -294290705703.247620 -301038816051.634033 4214.724021 -14783.315286
green -251973059133.607452 -212311819766.620972 7150.863737 -17227.316568
red -287478497074.454651 66794640140.691200 -8840.621984 -19841.937555
yellow 681812874796.442993 376545076204.652710 -6306.613843 11500.941941
white 1400127888402.202637 288229254057.014709 -1944.736450 9479.945671
grey 109796720.214746 24392422.055413 6.750357 1.940849
orange -1118353706474.601318 -235088455779.111847 -32492.605788 -12035.794490
blue -289814218414.720337 -315554445778.370117 4738.250556 -14247.944168
green -244354852113.474487 -229145494922.629639 8085.550303 -16440.033744
red -295577314833.613159 46780497671.672951 -7357.013535 -20186.347383
yellow 675410503421.177734 387993104958.749207 -6498.128908 11395.115567
white 1398151213983.687256 297702664502.529297 -2008.612387 9466.875220
grey 116644611.621750 26385420.339753 6.945425 2.045147
orange -1150796568256.052979 -247113791393.920288 -32393.117775 -12014.876739
blue -284831409923.621521 -329536200369.428833 5227.366426 -13715.565014
green -235838009231.008942 -245181242099.579529 8948.135462 -15631.460610
red -302202746225.404663 26478494488.665176 -5893.849249 -20417.658983
yellow 668817529634.829834 399333706113.970764 -6687.818665 11286.086743
white 1396110710248.427979 307162789283.439819 -2072.395083 9453.374341
the end
the end
the end
the end
the end
the end
the end
the end
the end
